24
2
23
1 2 2.000000
1 6 2.000000
1 7 2.828427
2 1 2.000000
2 3 2.000000
2 6 2.828427
2 7 2.000000
2 8 2.828427
3 2 2.000000
3 4 2.000000
3 7 2.828427
3 8 2.000000
3 9 2.828427
4 3 2.000000
4 5 2.000000
4 8 2.828427
4 9 2.000000
4 10 2.828427
5 4 2.000000
5 9 2.828427
5 10 2.000000
6 1 2.000000
6 2 2.828427
6 7 2.000000
6 11 2.000000
6 12 2.828427
7 1 2.828427
7 2 2.000000
7 3 2.828427
7 6 2.000000
7 8 2.000000
7 11 2.828427
7 12 2.000000
8 2 2.828427
8 3 2.000000
8 4 2.828427
8 7 2.000000
8 9 2.000000
8 12 2.828427
8 13 2.000000
9 3 2.828427
9 4 2.000000
9 5 2.828427
9 8 2.000000
9 10 2.000000
9 13 2.828427
9 14 2.828427
10 3 2.000000
10 4 2.828427
10 9 2.000000
10 14 2.000000
11 6 2.000000
11 7 2.828427
11 12 2.000000
11 15 2.000000
11 16 2.828427
12 6 2.828427
12 7 2.000000
12 8 2.828427
12 11 2.000000
12 15 2.828427
12 16 2.000000
13 8 2.000000
13 9 2.828427
14 9 2.828427
14 10 2.000000
14 18 2.828427
14 19 2.000000
15 11 2.000000
15 12 2.828427
15 16 2.000000
15 20 2.000000
15 21 2.828427
16 11 2.828427
16 12 2.000000
16 15 2.000000
16 17 2.000000
16 20 2.828427
16 21 2.000000
16 22 2.828427
17 16 2.000000
17 18 2.000000
17 21 2.828427
17 22 2.000000
17 23 2.828427
18 17 2.000000
18 19 2.000000
18 22 2.828427
18 23 2.000000
18 24 2.828427
19 18 2.000000
19 23 2.828427
19 24 2.000000
20 15 2.000000
20 16 2.828427
20 21 2.000000
21 15 2.828427
21 16 2.000000
21 17 2.828427
21 20 2.000000
21 22 2.000000
22 16 2.828427
22 17 2.000000
22 18 2.828427
22 21 2.000000
22 23 2.000000
23 17 2.828427
23 18 2.000000
23 19 2.828427
23 22 2.000000
23 24 2.000000
24 18 2.828427
24 19 2.000000
24 23 2.000000
